MATLAB TIMES:
>> runRBFNExample
seconds
0.089417
0.092050
0.089238
0.092883
0.092869
0.092885
0.097870
0.094541
0.093055
0.093092

JULIA TIMES:
julia newrbf2.jl
1.328222684
0.031183608
0.046901345
0.050083028
0.035329497
0.047085642
0.048692802
0.034127153
0.050907677
0.047880049

Julia x 100
 1.34525  
 0.0297136
 0.0513744
 0.044633 
 0.0274282
 0.0502831
 0.0464391
 0.0295161
 0.0479534
 0.0475508
 0.0380364
 0.047552 
 0.0349141
 0.061592 
 0.0494337
 0.0281265
 0.0465691
 0.0475191
 0.028103 
 0.0485177
 0.0485715
 0.0314042
 0.048738 
 0.0269353
 0.0487576
 0.0472565
 0.0307071
 0.0471159
 0.0450972
 0.0370386
 0.0547445
 0.0503635
 0.0300337
 0.0576866
 0.0352973
 0.0459986
 0.0482516
 0.0311564
 0.0513581
 0.0480482
 0.0299174
 0.0466512
 0.0568748
 0.0383767
 0.0520037
 0.0483005
 0.0593901
 0.049275 
 0.0266036
 0.0471739
 0.0490393
 0.0407954
 0.0497457
 0.0463705
 0.0274837
 0.0441186
 0.0296193
 0.0476882
 0.0506467
 0.0279926
 0.0509257
 0.0518971
 0.0297186
 0.0522996
 0.0472329
 0.029384 
 0.0523872
 0.0361078
 0.0588427
 0.0505594
 0.0302784
 0.0471669
 0.0478312
 0.0297497
 0.0482522
 0.0533463
 0.0290267
 0.054629 
 0.0285088
 0.0639386
 0.0696096
 0.0349896
 0.052343 
 0.0488422
 0.0317772
 0.0551012
 0.0541409
 0.0345416
 0.0501815
 0.0296909
 0.0557773
 0.0500725
 0.0295297
 0.0555981
 0.0511644
 0.0310145
 0.0475377
 0.0284545
 0.0495651
 0.0475229


Matlab x 100
    0.0693
    0.0913
    0.0646
    0.0688
    0.0794
    0.0721
    0.0637
    0.0641
    0.0644
    0.0675
    0.0756
    0.0765
    0.0659
    0.0766
    0.0805
    0.0890
    0.0761
    0.0710
    0.0654
    0.0710
    0.0893
    0.0788
    0.0796
    0.0647
    0.0781
    0.0686
    0.0700
    0.0649
    0.0643
    0.0686
    0.0785
    0.0680
    0.0657
    0.0744
    0.0646
    0.0666
    0.0924
    0.0763
    0.0807
    0.0797
    0.0784
    0.0728
    0.0743
    0.0777
    0.0891
    0.0670
    0.0718
    0.0699
    0.0733
    0.0653
    0.0828
    0.0644
    0.0865
    0.0732
    0.0704
    0.0656
    0.0710
    0.0777
    0.0768
    0.0790
    0.0903
    0.0668
    0.0648
    0.0659
    0.0646
    0.0688
    0.0733
    0.0772
    0.0645
    0.0637
    0.0711
    0.0875
    0.0879
    0.0858
    0.0737
    0.0647
    0.0683
    0.0859
    0.0662
    0.0812
    0.0711
    0.0664
    0.0795
    0.0781
    0.0637
    0.0631
    0.0642
    0.0639
    0.0630
    0.0651
    0.0639
    0.0868
    0.0768
    0.0778
    0.0667
    0.0778
    0.0705
    0.0690
    0.0641
    0.0663

